//
// Copyright (C) 2009 Roadkill Software
//
// This program is free software; you can redistribute it and/or
// modify it under the terms of the GNU General Public License
// as published by the Free Software Foundation; either version 2
// of the License, or (at your option) any later version.
//
// This program is distributed in the hope that it will be useful,
// but WITHOUT ANY WARRANTY; without even the implied warranty of
// MERCHANTABILITY or FITNESS FOR A PARTICULAR PURPOSE.
//
// See the GNU General Public License for more details.
//
// You should have received a copy of the GNU General Public License
// along with this program; if not, write to the Free Software
// Foundation, Inc., 59 Temple Place - Suite 330, Boston, MA  02111-1307, USA.
//

-8  8 -2;  8  8 -2;  8  8  6; -8  8  6;           // Left
-8 -8  10;  8 -8  10;  8 -8 -2; -8 -8 -2;           // Right

8 -8 10;  8 0.1 10;  8  8    6;  8  8   -2;  8 -8 -2; // Front
-8 -8 -2; -8  8   -2; -8   8  6; -8  0.1 10; -8 -8 10; // Back

-8  8 -2; -8 -8 -2;  8 -8 -2;  8  8 -2;           // Bottom

-8  8  6;  8  8  6;  8  0.1 10; -8  0.1 10;           // Roof left
 8 -8  10; -8 -8  10; -8 -0.1 10;  8 -0.1 10;           // Roof right
 3  0.1 10; 3 -0.1 10; -8 -0.1 10; -8 0.1 10;         // Roof Mid

// Wall
8 0.1 10; 8 0.1 3; 3 0.1 3; 3 0.1 10; // Left
8 -0.1 3; 8 -0.1 10; 3 -0.1 10; 3 -0.1 3; // Right
3 0.1 10; 3 0.1 3; 3 -0.1 3; 3 -0.1 10; // Mid

// Mezzanine
 -8  5  3;    -8 -8  3;    8 -8  3;    8  5  3;
 8  5  2.9;  8 -8  2.9;  -8 -8  2.9;  -8  5  2.9;
 -8  5  2.9;  -8  5  3;    8  5  3;    8  5  2.9;

// Landing
8 8 3;   4 8 3;   4 5 3;   8 5 3;
8 8 2.9; 8 5 2.9; 4 5 2.9; 4 8 2.9;

// Ramp
4 8 3;   -4   8 -2; -4   5 -2; 4 5 3;
4 8 2.9; 4 5 2.9; -3.9 5 -2; -3.9 8 -2;
4 5 2.9; 4 5 3; -4 5 -2; -3.9 5 -2;

// Pillar
0 -1 -1; 0 -1 -2;  -1.5 -1.5 -2;  -1.5 -1.5 -1;
0 -1 -2;   0 -1 -1;  1.5 -1.5 -1;  1.5 -1.5 -2;

0 -5 -2; 0 -5 -1;  -1.5 -4.5 -1;  -1.5 -4.5 -2;
0 -5 -1;   0 -5 -2;  1.5 -4.5 -2;  1.5 -4.5 -1;

-2 -3 -2; -2 -3 -1; -1.5 -1.5 -1; -1.5 -1.5 -2;
-2 -3 -1; -2 -3 -2; -1.5 -4.5 -2; -1.5 -4.5 -1;

2 -3 -1; 2 -3 -2; 1.5 -1.5 -2; 1.5 -1.5 -1;
2 -3 -2; 2 -3 -1; 1.5 -4.5 -1; 1.5 -4.5 -2;

0 -1 -1; -1.5 -1.5 -1; -2 -3 -1; -1.5 -4.5 -1; 0 -5 -1; 1.5 -4.5 -1; 2 -3 -1; 1.5 -1.5 -1;

// Pillar 2
0 -2 2.9; 0 -2 -1;  -0.75 -2.25 -1;  -0.75 -2.25 2.9;
0 -2 -1;   0 -2 2.9;  0.75 -2.25 2.9;  0.75 -2.25 -1;

0 -4 -1; 0 -4 2.9;  -0.75 -3.75 2.9;  -0.75 -3.75 -1;
0 -4 2.9;   0 -4 -1;  0.75 -3.75 -1;  0.75 -3.75 2.9;

-1 -3 -1; -1 -3 2.9; -0.75 -2.25 2.9; -0.75 -2.25 -1;
-1 -3 2.9; -1 -3 -1; -0.75 -3.75 -1; -0.75 -3.75 2.9;

1 -3 2.9; 1 -3 -1; 0.75 -2.25 -1; 0.75 -2.25 2.9;
1 -3 -1; 1 -3 2.9; 0.75 -3.75 2.9; 0.75 -3.75 -1;

// Pillar 3
0 -2 10; 0 -2 3;  -0.75 -2.25 3;  -0.75 -2.25 10;
0 -2 3;   0 -2 10;  0.75 -2.25 10;  0.75 -2.25 3;

0 -4 3; 0 -4 10;  -0.75 -3.75 10;  -0.75 -3.75 3;
0 -4 10;   0 -4 3;  0.75 -3.75 3;  0.75 -3.75 10;

-1 -3 3; -1 -3 10; -0.75 -2.25 10; -0.75 -2.25 3;
-1 -3 10; -1 -3 3; -0.75 -3.75 3; -0.75 -3.75 10;

1 -3 10; 1 -3 3; 0.75 -2.25 3; 0.75 -2.25 10;
1 -3 3; 1 -3 10; 0.75 -3.75 10; 0.75 -3.75 3; 

// Enclosure
-9 -9 -3; -9 9 -3; 9 9 -3; 9 -9 -3; // Bottom
-9 -9 11; 9 -9 11; 9 9 11; -9 9 11; // Top
-9 -9 -3; -9 -9 11; -9 9 11; -9 9 -3; // Back
9 -9 -3; 9 9 -3; 9 9 11; 9 -9 11; // Front
-9 -9 -3; 9 -9 -3; 9 -9 11; -9 -9 11; // Right
-9 9 -3; -9 9 11; 9 9 11; 9 9 -3; // Left

// Tetrahedron
-3 -1 0; -3 1 0; -1 0 0; // Bottom
-3 -1 0; -2 0 1; -3 1 0; // Back
-3 1 0; -2 0 1; -1 0 0; // Left
-1 0 0; -2 0 1; -3 -1 0; // Right
